66111166  
76666666  51662667  76666666  66000066  66111166  76666667  51662667  76666667  66000066  
66111166  76666664  51662667  76666664  66000066  66111166  76666665  51662667  76666665  
66000066  66111166  76667451  51662667  76667451  66000066  66111166  76666666  51662667  
46666666  66000066  66111166  76666667  51636366  46666667  66000066  66111166  76666667  
51636366  76666666  66000066  66111166  76667320  51662667  76667320  66000066  66111166  
76667320  51636366  76667321  66000066  66111166  76666664  51664667  76666667  66000066  
66111166  76666667  51664667  76666667  66000066  66111166  76666647  51664667  76666667  
66000066  66111166  76666343  51664667  76666343  66000066  66111166  76664636  51664667  
76666343  66000066  66111166  76666667  51660676  76666667  66000066  66111166  76666666  
51660676  76666667  66000066  66111166  46666647  51660676  76666667  66000066  66111166  
46666601  51660676  76666666  66000066  66111166  76666767  51660676  76666767  66000066  
66111166  46666461  51660676  76666666  66000066  66111166  57667066  66111166  76666666  
62233226  76666666  66000066  51662667  76666666  66000066  66111166  57667066  66111166  
76666666  62233226  76666667  66000066  51662667  76666667  66000066  66111166  57667066  
66111166  76666666  62233226  76667155  66000066  51662667  76667155  66000066  66111166  
57667066  66111166  76666667  62233226  76666667  66000066  51662667  76666664  66000066  
66111166  57667066  66111166  76666600  62233226  76666667  66000066  51662667  76666601  
66000066  66111166  57667066  66111166  76666451  62233226  76667475  66000066  51662667  
76667234  66000066  66111166  57667066  66111166  76666664  62233226  76666664  66000066  
51662667  76666662  66000066  66111166  57667066  66111166  76666664  62233226  46666664  
66000066  51662667  76666666  66000066  66111166  57667066  66111166  57667066  66111166  
76666663  62233226  76666637  66000066  62233226  76666660  66000066  51662667  76666602  
66000066  66111166  57667066  66111166  57667066  66111166  76666637  62233226  76666660  
66000066  62233226  76666663  66000066  51662667  76666602  66000066  66111166  57667066  
66111166  76667605  62233226  76667523  66000066  51662667  57667066  66111166  76667523  
62233226  76667605  66000066  66000066  66111166  66111166  36327777  51777776  76666667  
66000066  66111166  36327777  51662667  76666667  66000066  66111166  57667066  66111166  
36327777  62233226  76666667  66000066  51662667  76666664  66000066  66111166  36327777  
51660676  76666737  66000066  66000066  66111166  66111166  36327777  51777776  76666737  
66000066  66111166  36327777  51664667  76666667  66000066  66111166  57667066  66111166  
36327777  62233226  76666667  66000066  51662667  76666734  66000066  66111166  36327777  
51662667  76666737  66000066  66000066  66111166  66111166  36327777  51777776  76667607  
66000066  66111166  34154444  51777776  36327777  66000066  66111166  34154444  51662667  
76667607  66000066  66111166  57667066  66111166  34154444  62233226  46666675  66000066  
51662667  76667620  66000066  66111166  34154444  51777776  57667066  66111166  36327777  
62233226  76666604  66000066  66000066  66111166  34154444  51662667  76667725  66000066  
66000066  66111166  57676066  66111166  76666666  62233226  76666666  66000066  51662667  
76666666  66000066  66111166  57676066  66111166  76666667  62233226  76666666  66000066  
51662667  76666666  66000066  66111166  57676066  66111166  76666667  62233226  76666664  
66000066  51662667  76666664  66000066  66111166  57676066  66111166  76666664  62233226  
76666664  66000066  51662667  76666662  66000066  66111166  57676066  66111166  76666665  
62233226  76666662  66000066  51662667  76666672  66000066  66111166  57676066  66111166  
36327777  62233226  76666666  66000066  51662667  76666666  66000066  66111166  57676066  
66111166  36327777  62233226  76666664  66000066  51662667  57667066  66111166  36327777  
62233226  36327777  66000066  66000066  66111166  57676066  66111166  36327777  62233226  
76666664  66000066  51662667  57676066  66111166  76666664  62233226  36327777  66000066  
66000066  66111166  57676066  66111166  36327777  62233226  34154444  66000066  51662667  
57676066  66111166  34154444  62233226  36327777  66000066  66000066  66111166  57676066  
66111166  57667066  66111166  36327777  62233226  34154444  66000066  62233226  35745555  
66000066  51662667  57667066  66111166  57676066  66111166  36327777  62233226  35745555  
66000066  62233226  57676066  66111166  34154444  62233226  35745555  66000066  66000066  
66000066  66111166  57676066  66111166  57676066  66111166  36327777  62233226  34154444  
66000066  62233226  35745555  66000066  51662667  57676066  66111166  57676066  66111166  
36327777  62233226  35745555  66000066  62233226  34154444  66000066  66000066  66111166  
57766566  66111166  36327777  62233226  34154444  66000066  51662667  57667066  66111166  
36327777  62233226  57676066  66111166  46666667  62233226  34154444  66000066  66000066  
66000066  66111166  57766566  66111166  76666662  62233226  46666663  66000066  51662667  
76666677  66000066  66111166  57766566  66111166  76666670  62233226  76666677  66000066  
51662667  76666663  66000066  66111166  57766566  66111166  57766566  66111166  36327777  
62233226  34154444  66000066  62233226  35745555  66000066  51662667  57766566  66111166  
36327777  62233226  57667066  66111166  34154444  62233226  35745555  66000066  66000066  
66000066  66111166  57766566  66111166  46666765  62233226  76666761  66000066  51662667  
46666474  66000066  66111166  57666566  66111166  76666662  62233226  76666662  66000066  
51662667  76666667  66000066  66111166  57666566  66111166  76666662  62233226  76666664  
66000066  51662667  76666664  66000066  66111166  57666566  66111166  57676066  66111166  
36327777  62233226  34154444  66000066  62233226  34154444  66000066  51662667  36327777  
66000066  66111166  57666566  66111166  57676066  66111166  36327777  62233226  34154444  
66000066  62233226  36327777  66000066  51662667  34154444  66000066  66111166  57666566  
66111166  57666566  66111166  36327777  62233226  34154444  66000066  62233226  35745555  
66000066  51662667  57666566  66111166  36327777  62233226  57676066  66111166  34154444  
62233226  35745555  66000066  66000066  66000066  66111166  57666566  66111166  57666566  
66111166  36327777  62233226  34154444  66000066  62233226  57666566  66111166  35745555  
62233226  37536666  66000066  66000066  51662667  57666566  66111166  57676066  66111166  
36327777  62233226  37536666  66000066  62233226  57676066  66111166  34154444  62233226  
35745555  66000066  66000066  66000066  66111166  57666566  66111166  76666611  62233226  
76666677  66000066  51662667  76666661  66000066  66111166  57666566  66111166  76666713  
62233226  76666657  66000066  51662667  76666663  66000066  66111166  57666566  66111166  
76666665  62233226  76666664  66000066  51662667  76666667  57655566  26666666  66000066  
66111166  57666566  66111166  76666667  62233226  76666665  66000066  51662667  76666666  
57655566  43434343  66000066  66111166  57666566  66111166  76666671  62233226  76666662  
66000066  51662667  76666665  57655566  06666666  66000066  66111166  57666566  66111166  
76666676  62233226  76666661  66000066  51662667  76666667  57655566  77777777  66000066  
66111166  57676066  66111166  76666667  57655566  43434343  62233226  76666627  66000066  
51662667  76666632  66000066  66111166  57676066  66111166  76666622  62233226  76666660  
57655566  74343434  66000066  51662667  76666550  66000066  66111166  57667066  66111166  
76666664  57655566  43434343  62233226  76666663  57655566  34343435  66000066  51662667  
76666676  66000066  66111166  57667066  66111166  76666661  57655566  73333333  62233226  
76666675  57655566  44444444  66000066  51662667  76666644  57655566  26666666  66000066  
66111166  57666061  66111166  76666667  62233226  36327777  66000066  51662667  76666667  
66000066  66111166  57666061  66111166  76666662  62233226  76666666  57655566  26666666  
66000066  51662667  76666664  66000066  66111166  57666061  66111166  76666677  62233226  
76666666  57655566  26666666  66000066  51662667  76666665  66000066  66111166  57666061  
66111166  57676066  66111166  36327777  62233226  36327777  66000066  62233226  76666666  
57655566  26666666  66000066  51662667  36327777  66000066  66111166  57666061  66111166  
36327777  62233226  76666664  66000066  51662667  57676066  66111166  36327777  62233226  
36327777  66000066  66000066  66111166  57666061  66111166  36327777  62233226  76666665  
66000066  51662667  57676066  66111166  57676066  66111166  36327777  62233226  36327777  
66000066  62233226  36327777  66000066  66000066  66111166  57666061  66111166  57666061  
66111166  36327777  62233226  34154444  66000066  62233226  35745555  66000066  51662667  
57666061  66111166  36327777  62233226  57676066  66111166  34154444  62233226  35745555  
66000066  66000066  66000066  66111166  57666061  66111166  76666665  62233226  76666662  
66000066  51662667  76666747  66000066  66111166  57666061  66111166  76666662  62233226  
76666667  57655566  26666666  66000066  51662667  76666676  66000066  66111166  57666061  
66111166  76666664  62233226  76666666  57655566  26666666  66000066  51662667  76666667  
57655566  54262120  66000066  66111166  57666061  66111166  76666663  62233226  76666666  
57655566  26666666  66000066  51662667  76666664  57655566  71601505  66000066  66111166  
57666061  66111166  46666667  62233226  76666666  57655566  26666666  66000066  51662667  
27666000  66111166  76666667  66000066  66000066  66111166  57666061  66111166  46666662  
62233226  76666666  57655566  26666666  66000066  51662667  27666000  66111166  76666664  
66000066  66000066  66111166  57676066  66111166  27666000  66111166  76666667  66000066  
62233226  27666000  66111166  76666667  66000066  66000066  51662667  46666667  66000066  
66111166  57676066  66111166  57667066  66111166  36327777  62233226  27666000  66111166  
34154444  66000066  66000066  62233226  57667066  66111166  35745555  62233226  27666000  
66111166  37536666  66000066  66000066  66000066  51662667  57667066  66111166  57676066  
66111166  36327777  62233226  35745555  66000066  57766566  57676066  66111166  34154444  
62233226  37536666  66000066  62233226  27666000  66111166  57667066  66111166  57676066  
66111166  34154444  62233226  35745555  66000066  62233226  57676066  66111166  36327777  
62233226  37536666  66000066  66000066  66000066  66000066  66000066  66111166  12665554  
51662667  66111166  66111166  05663370  51662667  57666566  66111166  57676066  66111166  
76666661  57655566  34607604  62233226  57666061  66111166  76666674  62233226  46666625  
66000066  66000066  62233226  06656642  66000066  66000066  66111166  04665767  51662667  
57676066  66111166  57676066  66111166  76666676  57655566  47756652  62233226  57666061  
66111166  76666674  62233226  46666606  66000066  66000066  62233226  06656645  66000066  
66000066  66111166  04665764  51662667  57676066  66111166  57676066  66111166  76666663  
57655566  13053127  62233226  57666061  66111166  76666674  62233226  76666603  66000066  
66000066  62233226  06656642  66000066  66000066  66000066  66000066  66111166  66111166  
57666061  66111166  36327777  62233226  76666664  66000066  51777776  76666667  66000066  
66111166  36327777  51662667  76666667  66000066  53444476  66111166  36327777  51662667  
46666667  66000066  66000066  66111166  66111166  57676066  66111166  57667066  66111166  
36327777  62233226  76666667  66000066  62233226  57667066  66111166  36327777  62233226  
46666667  66000066  66000066  51777776  76666666  66000066  66111166  36327777  51662667  
76666667  66000066  53444476  66111166  36327777  51662667  46666667  66000066  66000066  
66111166  66111166  34154444  51777776  76666666  66000066  66111166  36327777  51662667  
57666566  66111166  57667066  66111166  57676066  66111166  46666667  62233226  33033333  
66000066  62233226  57666061  66111166  57766566  66111166  57676066  66111166  33033333  
62233226  33033333  66000066  62233226  57676066  66111166  76666662  62233226  57676066  
66111166  32432222  62233226  30230000  66000066  66000066  62233226  76666666  57655566  
26666666  66000066  66000066  66000066  62233226  57676066  66111166  76666664  62233226  
32432222  66000066  66000066  66000066  53444476  66111166  36327777  51662667  57666566  
66111166  57766566  66111166  57676066  66111166  46666667  62233226  33033333  66000066  
62233226  57666061  66111166  57766566  66111166  57676066  66111166  33033333  62233226  
33033333  66000066  62233226  57676066  66111166  76666662  62233226  57676066  66111166  
32432222  62233226  30230000  66000066  66000066  62233226  76666666  57655566  26666666  
66000066  66000066  66000066  62233226  57676066  66111166  76666664  62233226  32432222  
66000066  66000066  66000066  66111166  34154444  51662667  57667066  66111166  57676066  
66111166  32432222  62233226  57676066  66111166  36327777  62233226  36327777  66000066  
66000066  62233226  57667066  66111166  57676066  66111166  33033333  62233226  36327777  
66000066  62233226  30230000  66000066  66000066  66000066  66000066  66111166  57666061  
66111166  36327777  62233226  57676066  66111166  46666667  62233226  34154444  66000066  
66000066  51662667  57666566  66111166  76666667  62233226  57666061  66111166  36327777  
62233226  34154444  66000066  66000066  66000066  66111166  57666061  66111166  27666000  
66111166  76666667  66000066  62233226  76666666  57655566  26666666  66000066  51662667  
57667066  66111166  57666061  66111166  76666664  62233226  46666666  57655566  26666666  
66000066  62233226  27666000  66111166  57666061  66111166  76666664  62233226  46666666  
57655566  26666666  66000066  66000066  66000066  66000066  66111166  57666061  66111166  
06666667  62233226  27666000  66111166  06666664  66000066  66000066  51662667  46666667  
66000066  66111166  06666667  51662667  76666664  57655566  33106344  66000066  66111166  
06666664  51662667  76666665  57655566  77651334  66000066  66111166  57666061  66111166  
06666667  62233226  27666000  66111166  57666566  66111166  06666664  62233226  76666664  
66000066  66000066  66000066  51662667  27666000  66111166  76666667  66000066  66000066  
66111166  57666061  66111166  06666667  62233226  76666664  66000066  51662667  76666661  
57655566  56172230  66000066  66111166  57666061  66111166  06666664  62233226  06666667  
66000066  51662667  76666640  57655566  53563352  66000066  66111166  06656666  51662667  
57676066  66111166  76666661  57655566  45671372  62233226  57666061  66111166  76666674  
62233226  46666665  66000066  66000066  66000066  66111166  06656666  51662667  57666566  
66111166  76666667  62233226  76666477  57655566  64455360  66000066  66000066  66111166  
06656667  51662667  76665232  57655566  77074327  66000066  66111166  06656664  51662667  
57676066  66111166  76666667  57655566  06614101  62233226  57666061  66111166  76666674  
62233226  46666633  66000066  66000066  66000066  66111166  06656665  51662667  57676066  
66111166  57666061  66111166  06656664  62233226  76666666  57655566  26666666  66000066  
62233226  06656660  66000066  66000066  66111166  06656662  51662667  57676066  66111166  
06656667  62233226  06656665  66000066  66000066  66111166  06656662  51662667  57676066  
66111166  76665232  57655566  77074327  62233226  06656665  66000066  66000066  66111166  
06656663  51662667  57676066  66111166  76665230  57655566  35064741  62233226  06656665  
66000066  66000066  66111166  06656663  51662667  57676066  66111166  76666667  57655566  
66633706  62233226  06656662  66000066  66000066  66111166  06656662  51662667  57676066  
66111166  57676066  66111166  76666661  57655566  35004430  62233226  57666061  66111166  
76666674  62233226  46666642  66000066  66000066  62233226  06656660  66000066  66000066  
66111166  06656660  51662667  57666061  66111166  57676066  66111166  06656661  62233226  
57666566  66111166  06656676  62233226  06656677  66000066  66000066  62233226  76666666  
57655566  26666666  66000066  66000066  66111166  06656666  51662667  57666566  66111166  
57676066  66111166  06656674  62233226  06656674  66000066  62233226  57676066  66111166  
06656675  62233226  57676066  66111166  06656676  62233226  57676066  66111166  76666662  
62233226  57676066  66111166  06666664  62233226  06656672  66000066  66000066  66000066  
66000066  66000066  66000066  66111166  06656673  51662667  57666061  66111166  57666566  
66111166  57676066  66111166  06656675  62233226  06656677  66000066  62233226  57666061  
66111166  06656676  62233226  76666665  66000066  66000066  62233226  76666666  57655566  
26666666  66000066  66000066  66111166  06656673  51662667  57666566  66111166  57676066  
66111166  76666667  62233226  57676066  66111166  06656677  62233226  06656660  66000066  
66000066  62233226  57666061  66111166  06656676  62233226  76666664  66000066  66000066  
66000066  66111166  06656670  51662667  57676066  66111166  06656660  62233226  57676066  
66111166  76666664  62233226  57676066  66111166  06666664  62233226  57666061  66111166  
57676066  66111166  06656677  62233226  06656672  66000066  62233226  76666666  57655566  
26666666  66000066  66000066  66000066  66000066  66000066  66111166  06656670  51662667  
57666566  66111166  06656674  62233226  57666061  66111166  06656666  62233226  76666666  
57655566  26666666  66000066  66000066  66000066  66111166  06656670  51662667  57676066  
66111166  76666675  57655566  62274720  62233226  06656674  66000066  66000066  66111166  
06656646  51662667  57666061  66111166  57676066  66111166  06656661  62233226  57666566  
66111166  57666061  66111166  06656676  62233226  76666663  66000066  62233226  06656677  
66000066  66000066  62233226  76666666  57655566  26666666  66000066  66000066  66111166  
06656646  51662667  57676066  66111166  06656660  62233226  57676066  66111166  06656676  
62233226  06656676  66000066  66000066  66000066  66111166  06656647  51662667  57666566  
66111166  06656646  62233226  06656644  66000066  66000066  66111166  06656645  51662667  
57666566  66111166  57666061  66111166  06656676  62233226  76666663  66000066  62233226  
06656677  66000066  66000066  66111166  06656661  51662667  57676066  66111166  57676066  
66111166  06656675  62233226  76666664  66000066  62233226  06666664  66000066  66000066  
66111166  06656642  51662667  57666566  66111166  06656673  62233226  06656676  66000066  
66000066  66111166  17756666  51662667  66111166  66111166  04665676  51662667  57676066  
66111166  57676066  66111166  76666676  57655566  35215577  62233226  57666061  66111166  
76666674  62233226  76666623  66000066  66000066  62233226  06656660  66000066  66000066  
66111166  04665766  51662667  57676066  66111166  57676066  66111166  76666665  57655566  
34450157  62233226  57666061  66111166  76666674  62233226  46666653  66000066  66000066  
62233226  06656647  66000066  66000066  66111166  04665767  51662667  57676066  66111166  
57676066  66111166  76666660  57655566  34217126  62233226  57666061  66111166  76666674  
62233226  46666655  66000066  66000066  62233226  06656645  66000066  66000066  66111166  
04665674  51662667  57676066  66111166  57676066  66111166  76666662  57655566  13476053  
62233226  57666061  66111166  76666674  62233226  76666635  66000066  66000066  62233226  
06656673  66000066  66000066  66111166  04665764  51662667  57676066  66111166  57676066  
66111166  76666662  57655566  65763365  62233226  57666061  66111166  76666674  62233226  
76666612  66000066  66000066  62233226  06656642  66000066  66000066  66111166  05665765  
66111166  17756166  62233226  17756266  62233226  17756366  62233226  17757666  62233226  
17756066  62233226  17756766  66000066  66000066  66111166  04665676  51662667  57676066  
66111166  04665676  62233226  57667066  66111166  57676066  66111166  76666666  57655566  
35053322  62233226  07646677  66000066  62233226  57676066  66111166  76666666  57655566  
47750734  62233226  07646644  66000066  62233226  57676066  66111166  76666666  57655566  
66143177  62233226  07646767  66000066  62233226  57676066  66111166  76666666  57655566  
65324333  62233226  07646607  66000066  62233226  57676066  66111166  76666666  57655566  
66755556  62233226  07646275  66000066  62233226  57676066  66111166  76666666  57655566  
66622640  62233226  07646477  66000066  62233226  57676066  66111166  76666666  57655566  
66601657  62233226  07646614  66000066  62233226  57676066  66111166  76666666  57655566  
66633166  62233226  07646466  66000066  62233226  57676066  66111166  76666666  57655566  
66665203  62233226  07646674  66000066  62233226  57676066  66111166  76666666  57655566  
66776633  62233226  07646747  66000066  62233226  76666666  57655566  66512106  66000066  
66000066  66000066  66000066  66000066    66111166  76666666  51662667  76666666  66000066  
66111166  76666667  51662667  76666667  66000066  66111166  76666664  51662667  76666664  
66000066  66111166  76666665  51662667  76666665  66000066  66111166  76667451  51662667  
76667451  66000066  66111166  76666666  51662667  46666666  66000066  66111166  76666667  
51636366  46666667  66000066  66111166  76666667  51636366  76666666  66000066  66111166  
76667320  51662667  76667320  66000066  66111166  76667320  51636366  76667321  66000066  
66111166  76666664  51664667  76666667  66000066  66111166  76666667  51664667  76666667  
66000066  66111166  76666647  51664667  76666667  66000066  66111166  76666343  51664667  
76666343  66000066  66111166  76664636  51664667  76666343  66000066  66111166  76666667  
51660676  76666667  66000066  66111166  76666666  51660676  76666667  66000066  66111166  
46666647  51660676  76666667  66000066  66111166  46666601  51660676  76666666  66000066  
66111166  76666767  51660676  76666767  66000066  66111166  46666461  51660676  76666666  
66000066  66111166  57667066  66111166  76666666  62233226  76666666  66000066  51662667  
76666666  66000066  66111166  57667066  66111166  76666666  62233226  76666667  66000066  
51662667  76666667  66000066  66111166  57667066  66111166  76666666  62233226  76667155  
66000066  51662667  76667155  66000066  66111166  57667066  66111166  76666667  62233226  
76666667  66000066  51662667  76666664  66000066  66111166  57667066  66111166  76666600  
62233226  76666667  66000066  51662667  76666601  66000066  66111166  57667066  66111166  
76666451  62233226  76667475  66000066  51662667  76667234  66000066  66111166  57667066  
66111166  76666664  62233226  76666664  66000066  51662667  76666662  66000066  66111166  
57667066  66111166  76666664  62233226  46666664  66000066  51662667  76666666  66000066  
66111166  57667066  66111166  57667066  66111166  76666663  62233226  76666637  66000066  
62233226  76666660  66000066  51662667  76666602  66000066  66111166  57667066  66111166  
57667066  66111166  76666637  62233226  76666660  66000066  62233226  76666663  66000066  
51662667  76666602  66000066  66111166  57667066  66111166  76667605  62233226  76667523  
66000066  51662667  57667066  66111166  76667523  62233226  76667605  66000066  66000066  
66111166  66111166  36327777  51777776  76666667  66000066  66111166  36327777  51662667  
76666667  66000066  66111166  57667066  66111166  36327777  62233226  76666667  66000066  
51662667  76666664  66000066  66111166  36327777  51660676  76666737  66000066  66000066  
66111166  66111166  36327777  51777776  76666737  66000066  66111166  36327777  51664667  
76666667  66000066  66111166  57667066  66111166  36327777  62233226  76666667  66000066  
51662667  76666734  66000066  66111166  36327777  51662667  76666737  66000066  66000066  
66111166  66111166  36327777  51777776  76667607  66000066  66111166  34154444  51777776

